$ANSIBLE_VAULT;1.1;AES256
62393032626535613031343133396161393739313364663663633337636562386137386337346431
6537343162646661373165323938333463366663643436610a636235326234613164666330643966
66316165346264643136623766623061643963323338613330366537316338663561373466333530
3836656463626339310a633039363731656662326435313934353630343734383439663138326330
64373832386638663432323038343165393338373833323461386232633239383563623034383539
30663037336533656632333532623138666661626430616535613966313133343664653030623532
39643231616235383666366463336261623137346236663164333636666130633733313065323366
66653736386536663937613764663265383966656433373761666233376363393562383466336165
31613436613266373930656434306434626632373533663836626235393433643564643365373936
63336365383735653864363131393638623563326534306631373563626232643737643638653863
37623633333431313433303135656166633365663330343334376239373564653130666663616538
39376437373738643630313836643233383337303536383435313136646638636235386337356638
35316236633434663135386165613532633434356335393634306633353266626263306664653730
36623563323133643639303037393238336534383666626566626364343436346263363362623862
35356564333662373138393762623435363038646265326537626536353434383336643830653861
33386264373331663532643066333632343961393866353066396636663431363262643232393432
64623131623262663032363135346430326137376166316237643262363932656133393938346532
37383034373763323639306635343835383766336438623635333462386230373865353663643938
613837353737306633623835646665393431
